15
18
27
57
58
120
137
139
150
153
174
184
186
200
203
219
242
249
252
253
256
263
265
266
274
276
436
479
500
504
512
525
543
548
552
556
594
601
626
630
646
676
702
706
734
751
758
767
768
929
943
962
974
1002
1007
1022
1043
1075
1077
1088
1184
1185
1218
1223
1233
1243
1245
1271
1294
1344
1426
1434
1470
1475
1511
1514
1528
1533
1541
1542
1544
1550
1553
1606
1609
1617
1618
1622
1635
1639
1659
1694
1695
1698
1703
1783
1795
1796
1816
1821
1823
1828
1831
1841
1892
1895
1907
1911
1913
1920
1938
1940
1941
1950
1986
