9
10
17
20
23
26
29
31
35
36
37
40
41
43
46
50
54
59
62
63
64
65
66
68
103
107
110
117
128
134
142
146
158
159
164
171
178
180
182
183
190
194
195
206
207
211
212
217
218
225
229
230
231
233
244
247
267
269
270
272
281
284
426
433
443
478
493
503
513
515
526
530
531
532
533
535
537
538
545
549
553
563
573
576
577
579
583
585
586
592
595
615
619
625
632
637
644
649
651
653
655
666
668
669
671
710
716
721
723
728
733
739
740
741
745
747
772
781
843
858
901
909
912
920
921
923
925
932
933
938
947
950
953
958
959
960
963
967
975
977
981
1018
1020
1024
1026
1027
1036
1046
1048
1053
1055
1056
1070
1072
1074
1081
1082
1083
1086
1087
1101
1157
1175
1177
1182
1191
1195
1220
1225
1234
1236
1238
1240
1249
1250
1255
1267
1273
1277
1278
1283
1293
1304
1309
1315
1321
1339
1349
1350
1352
1386
1392
1422
1429
1435
1442
1446
1448
1454
1456
1458
1467
1468
1469
1474
1477
1482
1484
1485
1493
1497
1506
1507
1508
1510
1515
1516
1520
1530
1531
1532
1534
1536
1552
1581
1610
1619
1625
1626
1628
1636
1637
1638
1640
1641
1648
1660
1666
1673
1677
1679
1680
1681
1682
1685
1687
1688
1690
1692
1707
1753
1759
1763
1766
1770
1774
1775
1777
1782
1787
1790
1793
1797
1810
1824
1827
1829
1832
1833
1835
1890
1891
1898
1903
1923
1928
1931
1935
1936
1939
1942
1943
1945
1953
1962
1963
1970
1975
1984
1989
1993
1996
