2
5
6
7
13
19
21
22
24
32
34
38
44
47
49
51
60
61
104
108
109
118
127
129
131
135
145
148
151
160
165
166
167
179
189
191
193
197
201
202
222
224
232
238
239
241
246
250
254
261
264
271
275
277
283
286
287
288
290
494
497
507
509
516
517
521
524
528
534
536
541
547
554
555
559
562
564
565
572
580
581
591
596
597
607
613
616
618
622
627
628
629
631
633
642
647
652
654
656
660
664
665
667
670
672
708
718
720
722
726
731
735
742
750
752
755
759
760
761
762
763
764
771
773
776
777
783
903
906
913
914
916
926
928
931
942
948
954
957
964
976
1004
1025
1032
1037
1042
1044
1045
1051
1054
1059
1062
1064
1065
1066
1068
1078
1084
1085
1091
1093
1096
1098
1105
1178
1179
1180
1187
1189
1190
1196
1198
1199
1207
1208
1209
1210
1214
1219
1230
1232
1235
1242
1244
1248
1251
1256
1258
1269
1275
1276
1284
1287
1288
1290
1297
1306
1307
1308
1310
1312
1313
1314
1318
1329
1332
1335
1343
1348
1354
1419
1420
1424
1427
1428
1433
1437
1439
1441
1444
1447
1450
1453
1455
1460
1473
1483
1486
1489
1494
1495
1498
1499
1501
1504
1513
1518
1523
1526
1537
1538
1539
1540
1545
1547
1548
1554
1607
1613
1615
1620
1624
1629
1634
1642
1647
1650
1653
1656
1661
1663
1664
1671
1672
1675
1704
1706
1748
1755
1756
1757
1762
1765
1771
1773
1780
1786
1792
1798
1800
1802
1809
1813
1818
1822
1825
1830
1836
1839
1882
1888
1894
1899
1909
1912
1916
1947
1949
1951
1954
1955
1956
1959
1960
1961
1964
1965
1971
1972
1973
1979
1982
1987
1990
