11
12
14
25
30
33
39
42
56
70
105
111
113
114
115
116
119
122
125
133
140
144
147
149
155
157
161
168
176
177
181
199
205
213
221
227
234
235
237
259
280
289
505
506
510
519
522
527
539
544
546
551
557
561
566
569
570
574
575
578
582
587
590
593
598
599
600
602
605
606
608
609
610
611
612
624
634
635
636
638
640
648
650
657
658
659
661
663
677
703
707
709
711
712
714
715
717
724
725
729
730
732
744
748
753
756
757
765
769
774
779
782
845
854
894
897
899
902
907
910
924
934
937
940
944
946
951
956
965
966
968
969
971
979
980
1012
1019
1023
1029
1030
1034
1035
1038
1047
1049
1050
1052
1057
1058
1060
1063
1069
1079
1080
1089
1090
1181
1183
1186
1188
1192
1194
1201
1202
1206
1211
1215
1216
1217
1222
1224
1226
1227
1228
1229
1247
1254
1260
1268
1272
1281
1282
1299
1302
1303
1317
1322
1323
1326
1327
1331
1334
1336
1338
1342
1346
1347
1351
1382
1407
1416
1421
1425
1431
1436
1440
1445
1451
1452
1459
1463
1464
1465
1471
1472
1476
1478
1481
1503
1522
1525
1527
1535
1543
1546
1555
1558
1559
1604
1605
1612
1630
1632
1643
1645
1655
1658
1674
1678
1683
1686
1691
1693
1701
1702
1705
1722
1726
1751
1752
1758
1760
1768
1772
1776
1779
1781
1788
1801
1804
1805
1807
1814
1826
1834
1840
1889
1893
1896
1897
1904
1908
1918
1921
1922
1924
1925
1932
1933
1937
1944
1948
1958
1968
1974
1976
1978
1988
1994
1995
1997
1999
