72
425
427
428
429
430
431
432
434
437
438
439
440
441
442
444
445
446
447
448
449
450
451
452
453
454
455
456
457
458
459
460
461
462
463
464
465
466
467
468
469
470
471
472
473
474
475
476
477
480
481
482
483
484
485
486
487
488
489
490
491
492
495
496
498
501
518
523
529
584
844
846
847
848
849
850
851
852
853
855
856
857
859
860
861
862
863
864
865
866
867
868
869
870
871
872
873
874
875
876
877
878
879
880
881
882
883
884
885
886
887
888
889
890
891
892
893
895
896
900
922
1001
1003
1005
1006
1008
1009
1010
1011
1013
1014
1015
1016
1017
1151
1152
1153
1154
1155
1158
1159
1160
1161
1162
1163
1164
1165
1166
1167
1168
1169
1170
1171
1172
1173
1174
1265
1381
1383
1384
1385
1387
1388
1389
1390
1391
1393
1394
1395
1396
1397
1398
1399
1400
1401
1402
1403
1404
1405
1406
1408
1409
1410
1411
1412
1413
1414
1415
1417
1418
1577
1579
1583
1584
1585
1586
1587
1588
1589
1590
1591
1592
1593
1594
1595
1597
1598
1599
1600
1601
1603
1608
1723
1725
1727
1728
1729
1731
1732
1733
1734
1735
1736
1737
1738
1739
1740
1741
1742
1743
1744
1745
1746
1747
1749
1750
1754
1769
1863
1864
1866
1867
1868
1869
1870
1871
1872
1873
1874
1875
1876
1877
1878
1879
1880
1881
1883
1884
1885
1886
1901
1910
1966
