0
1
3
4
8
16
45
48
52
53
55
67
71
106
112
121
123
124
126
130
132
136
138
141
143
152
154
156
162
163
169
170
172
173
185
187
188
192
198
204
208
209
210
214
215
216
220
223
226
228
236
240
243
245
248
251
255
257
258
260
262
268
273
278
279
282
285
435
499
502
508
511
514
520
540
542
550
558
560
567
571
588
589
603
604
614
617
620
621
623
639
641
643
662
673
674
675
678
704
705
713
719
727
736
737
738
743
746
749
766
770
775
778
898
904
905
908
915
917
918
919
930
935
936
939
941
945
949
952
955
961
970
972
973
978
1021
1031
1033
1039
1040
1041
1061
1067
1071
1073
1076
1094
1095
1097
1099
1100
1102
1103
1104
1193
1197
1200
1203
1204
1205
1212
1213
1221
1231
1237
1239
1241
1246
1252
1253
1257
1259
1261
1266
1270
1274
1279
1280
1285
1286
1289
1291
1292
1295
1296
1298
1300
1301
1305
1311
1316
1319
1320
1324
1325
1328
1330
1333
1337
1340
1341
1345
1353
1423
1430
1432
1443
1449
1457
1461
1462
1466
1479
1480
1487
1488
1490
1492
1496
1500
1502
1505
1509
1512
1517
1519
1521
1524
1529
1549
1551
1556
1557
1582
1596
1602
1611
1616
1621
1623
1627
1631
1633
1644
1646
1649
1651
1652
1654
1657
1662
1665
1667
1668
1669
1670
1676
1684
1689
1696
1697
1699
1700
1708
1724
1730
1761
1778
1784
1785
1789
1791
1794
1799
1803
1806
1808
1811
1812
1815
1817
1819
1820
1837
1838
1865
1887
1902
1905
1906
1914
1915
1917
1919
1926
1929
1930
1934
1946
1952
1957
1967
1969
1977
1980
1981
1983
1985
1991
1992
1998
